-1000.2
1000
999.8
1000
1000
1000
1000
-2.6
-2000.2
1000
1000
1000
1000
1000
-1000.2
-6003.5
-13007.8
1000
1000
1000
1000
1000
1000
1000
1000
1000
1000
1000
1000
1000
1000
1000
-9003.7
1000
1000
1000
1000
-0.2
1000
1000
-0.2
1000
999.8
1000
-4000.2
1000
1000
1000
-1006.2
1000
1000
999.8
-19009.0
-15002.0
1000
1000
1000
1000
1000
1000
999.8
1000
1000
1000
1000
1000
1000
1000
1000
1000
1000
1000
1000
1000
1000
1000
999.3
1000
1000
1000
1000
1000
1000
-6000.6
1000
1000
1000
1000
1000
1000
1000
-634134.1
-852056.0
-110005.7
1000
1000
1000
1000
1000
1000
1000
1000
1000
1000
1000
1000
1000
1000
1000
1000
1000
1000
1000
1000
1000
1000
1000
1000
1000
1000
1000
1000
1000
1000
1000
1000
1000
1000
1000
1000
1000
1000
1000
1000
1000
1000
1000
1000
1000
1000
1000
1000
1000
1000
1000
1000
1000
1000
1000
1000
1000
1000
1000
1000
1000
1000
1000
1000
1000
1000
1000
1000
1000
1000
1000
1000
1000
1000
1000
1000
1000
1000
1000
1000
1000
1000
1000
1000
1000
1000
1000
1000
1000
1000
1000
1000
1000
1000
1000
1000
1000
1000
1000
1000
1000
1000
1000
1000
1000
1000
1000
1000
1000
1000
1000
1000
1000
1000
1000
1000
1000
1000
1000
1000
1000
1000
1000
1000
1000
1000
1000
1000
1000
1000
1000
1000
1000
1000
1000
1000
1000
-906039.5
-983006.4
-991002.4
-989004.0
-995001.6
-996001.7
-983007.3
-993002.6
-961018.9
-993003.2
-996000.8
-999000.2
-998000.4
-989005.2
-996000.8
-940028.2
-995001.6
